1 49
1 103
1 71
1 65
1 10
1 27
1 116
1 87
1 0
1 122
1 31
1 53
1 88
1 145
1 47
1 8
1 48
2 15
2 47
2 9
2 76
2 80
2 151
2 22
2 4
2 88
2 44
2 14
3 144
3 64
3 52
3 110
3 71
3 128
3 98
3 140
3 9
3 49
3 67
3 76
4 51
4 140
4 60
4 47
4 108
4 38
4 57
4 101
4 91
4 71
4 110
4 107
5 46
5 55
5 30
5 110
5 143
5 64
5 60
5 75
5 118
5 26
5 98
6 99
6 135
6 145
6 16
6 54
6 34
6 5
6 10
6 120
6 89
6 109
6 140
6 129
6 9
6 108
6 102
6 147
6 22
6 81
7 31
7 105
7 128
7 60
7 29
7 70
7 123
7 23
7 18
7 44
7 48
7 6
7 133
7 80
8 117
8 4
8 39
8 0
8 110
8 71
8 96
8 56
8 91
8 98
8 46
8 24
8 116
8 19
8 133
8 9
8 141
8 3
8 69
8 36
8 100
8 23
9 121
9 49
9 1
9 58
9 31
9 40
9 137
9 29
9 83
9 74
9 71
9 140
10 140
10 90
10 44
10 60
10 142
10 59
10 150
10 64
10 22
10 127
10 76
10 57
10 9
11 145
11 73
11 43
11 33
11 50
11 18
11 84
11 128
11 104
11 31
11 45
12 55
12 118
12 104
12 57
12 100
12 91
12 82
12 132
12 2
12 139
13 135
13 27
13 116
13 60
13 145
13 111
13 128
13 94
13 49
13 100
13 71
13 43
13 112
14 103
14 49
14 67
14 136
14 93
14 57
14 12
14 52
14 4
14 66
14 144
15 71
15 97
15 33
15 73
15 72
15 149
15 96
15 138
15 5
15 104
15 137
15 50
15 31
16 112
16 118
16 108
16 25
16 139
16 32
16 55
16 79
16 11
16 136
16 9
16 147
17 34
17 11
17 144
17 13
17 30
17 52
17 8
17 5
17 57
17 139
17 55
18 27
18 30
18 85
18 29
18 130
18 113
18 5
18 14
18 35
18 148
18 107
18 68
18 34
18 140
19 146
19 63
19 71
19 0
19 69
19 57
19 110
19 98
19 60
19 56
19 39
19 2
19 96
19 4
20 72
20 131
20 149
20 134
20 49
20 52
20 76
20 43
20 53
20 145
21 77
21 136
21 4
21 98
21 71
21 128
21 50
21 20
21 31
21 102
22 151
22 115
22 60
22 22
22 110
22 114
22 53
22 21
22 95
22 128
22 17
22 116
23 104
23 37
23 91
23 44
23 60
23 9
23 59
23 84
23 119
23 62
24 120
24 99
24 81
24 71
24 129
24 46
24 78
24 57
24 5
24 73
25 106
25 67
25 53
25 145
25 140
25 84
25 60
25 48
25 52
25 76
25 26
26 55
26 91
26 139
26 124
26 25
26 32
26 108
26 53
26 80
26 125
26 61
26 114
27 117
27 0
27 103
27 42
27 89
27 137
27 45
27 92
27 141
27 61
27 28
27 18
27 19
27 41
27 52
27 69
27 126
28 12
28 77
28 18
28 89
28 94
28 103
28 86
28 40
28 7
28 92
